
;pos=026000
r 16 D
U
r 16 D
U
r 16 D
U
r 44 D
U
r 28 D
U
r 44 D
U
D
D
D
D
U
D
D
D
D
U
D
D
D
D
U
D
D
D
D
U
D
D
D
D
U
r 28 D
U
r 32 D
U
r 32 D
U
r 40 D
U
r 32 D
U
r 40 D
U
r 36 D
U
r 36 D
U
D
D
D
D
U
D
D
D
D
U
r 8 D
U
r 8 D
U
r 12 D
U
r 12 D
U
r 12 D
U
r 12 D
U
r 12 D
U
r 12 D
U
r 12 D
U
r 12 D
U
D
D
D
D
U
D
D
D
D
U
D
D
D
D
U
D
D
D
D
U
D
D
D
D
U
D
D
D
D
U
r 24 D
U
r 24 D
U
r 24 D
U
r 8 D
U
r 8 D
U
r 8 D
U
r 8 D
U
r 80 D
U
r 56 D
U
r 56 D
U
r 16 D
U
r 16 D
U
r 16 D
U
r 16 D
U
r 16 D
U
r 16 D
U
r 16 D
U
r 16 D
U
r 64 D
U
r 64 D
+081
.081
+081
+081
+081
+081
.081
.081
.081
+081
+081
.081
+Q81
.081
.081
Eg84
E084
E084
E084
E084
E084
+081
.081
+081
+081
+081
.081
.081
+081
.081
+081
.081
+Q81
+081
.081
+081
.081
.081
+081
.081
+081
.081
.081
+081
.081
+081
.081
.081
+081
.081
.081
+081
.081
+081
+081
.081
.081
+081
.081
.081
+081
.081
+081
+081
.081
.081
.081
+081
.081
.081
+081
.081
+081
.081
.081
+081
.081
.081
.081
+081
+081
.081
.081
.081
+081
.081
.081
.081
+081
+081
.081
.081
.081
+081
.081
.081
.081
+081
.081
.081
.081
+081
.081
.081
+081
.081
.081
.081
+081
.081
+081
+081
.081
+081
.081
+081
.081
+081
+081
.081
.081
+081
.081
+081
.081
+081
+081
+081
+081
.081
+081
.081
+081
.081
.081
+081
.081
.081
+081
+081
+081
+081
+081
+081
.081
+081
.081
+081
.081
.081
.081
+081
.081
+081
.081
+081
+081
.081
.081
+081
.081
+081
.081
+081
.081
.081
+081
.081
+081
.081
+081
.081
.081
+081
.081
+081
.081
+081
+081
.081
.081
+081
.081
+081
.081
.081
+081
.081
+081
.081
.081
+081
.081
.081
+081
.081
+081
+081
.081
.081
.081
+081
+081
+081
.081
+C81
.C81
+C81
+C81
+ZZ
.ZZ
+Zz
.Zz
+Zz
.Zz
+Zz
.Zz
.Zz
.Zz
+Zz
+Zz
.Zz
+Zz
.Zz
.Zz
+Zz
.Zz
.Zz
+Zz
.Zz
.Zz
+Zz
.Zz
.Zz
+Zz
.Zz
.Zz
+Zz
.Zz
.Zz
+Zz
.Zz
.Zz
+Zz
.Zz
.Zz
+Zz
+Zz
+Zz
.Zz
.Zz
+Zz
.Zz
+Zz
.Zz
.Zz
.Zz
+Zz
.Zz
.Zz
.Zz
+Zz
+081
+E81
.081
.081
.081
+081
.081
.081
+081
.081
+081
.081
+081
+081
+081
+081
.081
.081
.081
+081
+081
.081
+081
.081
.081
r 12 E084
+E81
.081
.081
+081
.081
+081
.081
.081
.081
+I81
.081
.081
.081
+I81
.081
.081
.081
+081
.081
.081
.081
+081
.081
.081
.081
+Y81
.081
.081
.081
+081
.081
.081
.081
+081
.081
+081
.081
.081
.081
+081
.081
.081
+081
.081
+081
.081
+081
.081
+081
+E81
.081
.081
+081
.081
+081
.081
.081
+081
.081
+081
.081
.081
+081
.081
+081
+081
.081
+081
.081
+081
.081
+081
.081
.081
+081
.081
+081
.081
.081
+081
.081
+081
+081
.081
+081
.081
.081
+081
.081
.081
.081
+081
.081
.081
.081
+081
.081
.081
+081
.081
+081
.081
.081
+081
.081
+081
.081
+081
.081
+081
.081
.081
+081
.081
+081
.081
.081
+081
.081
+081
.081
+081
.081
.081
+081
+081
.081
.081
+081
.081
+081
.081
.081
.081
+081
.081
.081
.081
+081
.081
+081
.081
+081
.081
.081
+081
.081
+081
.081
+081
.081
+081
.081
.081
+081
.081
.081
+081
.081
.081
.081
+081
.081
.081
+081
.081
.081
+081
.081
.081
.081
+081
+081
.081
+081
.081
.081
+081
.081
+081
.081
.081
+081
.081
.081
+081
.081
.081
+081
.081
.081
+081
.081
.081
+081
.081
.081
+081
+081
.081
+081
.081
r 8 +081
.081
+081
.081
+081
+081
+081
.081
+081
.081
+081
.081
+081
+081
+081
.081
+081
.081
.081
+081
+081
.081
+081
.081
+081
.081
+081
.081
+081
.081
+081
.081
+081
.081
.081
+081
.081
.081
.081
+081
.081
+081
.081
+081
.081
.081
+081
.081
.081
.081
+081
.081
+081
+081
.081
.081
+081
.081
+081
.081
+081
+081
.081
.081
+081
.081
+081
.081
+081
.081
+081
.081
+081
.081
+081
.081
+081
.081
+081
.081
+081
+081
.081
.081
+081
+081
.081
.081
+081
.081
.081
.081
+081
.081
+081
+081
.081
.081
+081
+081
.081
.081
+081
.081
.081
.081
+081
.081
.081
.081
+081
.081
.081
+081
.081
+081
.081
.081
+081
.081
+081
.081
.081
+081
.081
+081
.081
+081
.081
.081
+081
.081
+081
.081
.081
+081
.081
+081
.081
+081
.081
.081
+081
.081
+081
.081
.081
+081
.081
+081
.081
.081
+081
.081
+081
.081
.081
.081
+081
.081
.081
.081
+081
.081
+081
.081
+081
.081
.081
+081
.081
+081
.081
+081
.081
+081
.081
.081
+081
.081
.081
+081
.081
.081
.081
+081
.081
.081
+081
.081
.081
+081
.081
.081
.081
+081
+081
.081
.081
.081
+081
.081
+081
.081
.081
+081
.081
+081
.081
+081
.081
.081
+081
.081
+081
.081
.081
+081
.081
.081
+081
+081
.081
+081
+081
+081
.081
.081
.081
+081
+081
+081
+081
.081
.081
+081
.081
+081
.081
.081
+081
+081
.081
+081
.081
+081
+081
+081
.081
.081
.081
+081
+081
+081
+081
.081
.081
+081
.081
+081
.081
+081
.081
.081
+081
.081
.081
+081
.081
+081
.081
.081
.081
+081
.081
+081
.081
+081
+081
+081
+081
.081
+081
.081
.081
+081
+081
.081
+081
.081
+081
.081
.081
.081
+081
.081
+081
.081
+081
+081
+081
+081
+081
.081
.081
+081
.081
+081
.081
.081
+081
.081
+081
.081
.081
.081
+081
.081
.081
+081
.081
+081
.081
.081
.081
+081
+081
.081